	1330960	909703	910944	906763	905952	906877	949153	907272	907277	907787	905958	909252	1247871	910687	907789	908146	908147	909251	909260	909702	909743	946358	1295740	1297446	998184
chr19:21265164-21265433	0	1	0	0	1	0	1	0	1	0	0	1	1	1	0	0	0	1	0	0	1	1	0	1	0
chr22:24384134-24384405	1	1	1	1	1	1	1	1	1	1	1	1	1	1	1	1	1	1	1	1	1	1	1	1	1
chr17:44656490-44657494	0	1	1	1	1	1	1	1	1	1	1	0	1	1	1	1	0	1	0	1	1	1	1	1	1
chr8:67344497-67344989	1	1	1	1	1	1	1	1	1	1	1	1	1	1	1	1	1	1	1	1	1	1	1	1	1
chr1:110230238-110230614	0	0	1	1	1	1	0	1	0	1	0	1	1	0	1	0	1	0	1	1	1	1	0	1	0
chr14:24803678-24804353	1	0	1	1	1	1	1	1	1	1	1	1	1	1	1	0	1	1	1	1	1	1	1	1	1
chr3:99594969-99595215	1	1	1	1	1	1	1	1	1	0	0	0	0	0	1	1	1	1	0	1	1	1	1	1	1
chr6:291948-292839	1	1	1	1	1	1	1	1	1	0	0	1	1	0	1	1	1	1	1	1	1	1	1	1	1
chr8:144659745-144660635	1	1	1	1	1	1	0	1	1	1	1	0	1	1	1	1	1	1	0	1	1	1	1	1	0
chr19:53662189-53662500	1	1	1	0	0	1	1	0	0	1	0	0	1	1	0	0	0	0	1	0	1	1	1	0	1
chr19:58458686-58459219	1	1	1	0	0	1	1	0	0	1	0	0	1	1	0	0	0	0	1	1	1	1	1	0	0
chr1:181451311-181452049	1	1	1	1	1	1	1	1	1	1	0	1	1	1	1	1	0	1	1	1	1	1	1	1	1
chr3:139258152-139258731	1	1	1	1	1	1	1	1	1	1	1	1	1	0	1	1	1	1	1	1	1	1	1	1	1
chr8:11058624-11058844	1	1	1	1	1	0	1	1	1	1	1	1	1	1	1	1	1	1	1	1	1	1	1	1	1
chr15:30685087-30685891	1	1	1	1	1	1	1	1	1	1	1	1	1	1	1	1	1	1	1	1	1	1	1	1	1
chr18:77905297-77905566	1	1	1	1	1	1	1	1	1	1	1	1	1	1	1	1	1	1	1	1	1	1	1	1	1
chr16:56659107-56659660	1	1	1	1	0	1	1	1	1	1	1	1	1	0	1	1	1	1	1	1	1	0	1	1	1
chr20:42543097-42545137	1	1	1	1	1	1	1	1	1	1	1	1	1	1	1	1	1	1	1	1	1	1	1	1	1
chr21:47602431-47602740	0	1	1	1	1	1	0	1	1	0	1	0	1	0	0	1	1	1	1	0	1	1	0	1	0
