	687452	906798	906797	910926	1290730	753552	907065	907066	753566	907312	753584	909704	687455	909749	687457	724812	687459	724838	909780
chr17:41363727-41364273	1	0	1	0	1	1	1	1	1	1	1	1	1	0	1	0	1	1	1
chr19:21265164-21265433	0	1	1	1	0	0	1	0	0	1	1	0	1	1	0	0	1	0	0
chr22:24384134-24384405	1	0	1	1	1	1	1	0	1	1	1	0	1	0	0	1	1	0	0
chr20:33146135-33147318	1	0	1	1	1	1	1	1	1	1	1	1	1	1	1	1	1	1	1
chr17:44656490-44657494	0	0	1	0	1	0	1	0	1	0	0	1	0	1	1	0	0	0	1
chr19:18118741-18119553	0	0	0	0	0	0	0	0	0	0	0	0	0	0	0	0	0	0	0
chr3:53032813-53033116	0	0	0	1	1	0	0	0	1	0	1	0	0	0	0	1	1	0	0
chr7:27203915-27206462	0	1	0	0	0	1	1	1	1	1	1	1	1	0	1	1	0	1	1
chr8:67344497-67344989	0	0	1	1	1	1	0	1	0	0	1	1	0	1	0	0	1	1	1
