	753554	753556	1240142	1240143	753569	1298223	687787	1298226	1240183	687815	905941	908443	1298538	909728	724879
chr19:21265164-21265433	0	1	0	0	1	1	0	0	0	0	1	1	0	0	1
chr6:27858166-27858564	1	0	0	1	0	1	1	0	0	1	1	1	1	0	0
chr17:44656490-44657494	1	1	1	0	1	1	1	1	1	1	1	1	1	1	1
chr1:110230238-110230614	1	1	1	1	1	1	1	1	1	0	1	1	1	0	1
chr12:104697348-104697984	1	1	1	0	0	0	0	0	0	0	0	0	0	1	1
chr14:24803678-24804353	1	1	1	1	1	1	1	1	1	1	1	1	1	1	1
chr16:56659107-56659660	1	1	1	0	1	1	1	1	0	1	1	1	1	0	0
chr20:42543097-42545137	1	1	1	0	1	1	0	1	1	1	1	1	1	1	1
chr20:61560433-61560954	1	1	1	1	0	1	1	1	1	1	1	1	1	1	1
chr22:24384134-24384405	1	0	1	1	1	1	0	0	0	0	0	0	1	1	0
chr4:102711829-102712199	1	1	1	0	1	1	1	1	0	0	1	1	1	0	0
chr5:125930601-125931049	1	0	0	0	1	1	1	0	0	0	1	0	1	0	0
chr6:291948-292839	1	0	0	1	1	0	1	0	1	0	1	1	0	1	1
chr7:27195601-27196567	1	1	1	1	1	1	1	1	1	1	1	1	1	1	1
