	1290808	1290809	1290810	1240131	1240132	1290812	1240134	1290813	1240135	1240136	1240137	1290814	1240138	1240139	1240141	907173	908150	908152	688058	908462	908470
chr19:21265164-21265433	1	1	1	0	0	1	0	0	0	1	0	0	0	0	1	0	0	1	0	1	0
chr22:24384134-24384405	0	0	1	0	0	1	1	0	1	0	1	0	1	0	1	0	0	1	0	1	0
chr17:44656490-44657494	1	1	1	1	1	1	1	1	1	0	1	0	1	1	0	1	0	1	0	1	0
chr8:67344497-67344989	0	0	0	0	0	1	1	0	0	0	0	0	0	0	0	0	1	0	0	0	1
chr1:110230238-110230614	1	1	1	1	1	1	1	1	1	1	1	0	1	1	1	1	0	1	1	1	1
chr14:24803678-24804353	0	1	1	1	1	1	1	1	1	1	1	1	1	1	1	1	1	1	1	1	1
chr3:99594969-99595215	0	0	0	1	1	0	1	1	0	1	0	0	0	0	1	0	0	0	0	0	1
chr6:291948-292839	1	1	1	1	1	1	0	1	1	0	1	1	1	0	1	1	0	1	0	0	1
chr8:144659745-144660635	0	1	0	1	0	1	0	0	0	0	1	0	0	1	0	1	0	1	1	0	1
chr19:53662189-53662500	0	0	0	1	0	0	0	1	0	0	0	0	0	0	0	0	0	1	1	0	1
chr19:58458686-58459219	0	0	0	0	0	0	0	0	0	0	0	0	0	0	0	0	0	0	0	0	1
chr1:181451311-181452049	0	1	0	1	0	0	0	0	0	1	0	0	1	0	0	1	1	1	1	0	1
chr3:139258152-139258731	0	0	0	1	1	0	1	0	1	1	0	0	0	1	0	1	0	1	1	0	1
chr8:11058624-11058844	0	0	0	0	0	0	0	1	0	0	0	0	0	0	1	0	0	0	0	0	0
chr15:30685087-30685891	1	1	1	1	1	1	1	1	1	1	1	1	1	1	1	0	1	1	0	0	1
chr18:77905297-77905566	1	1	1	0	1	1	0	1	0	0	1	0	0	1	1	1	1	0	0	1	0
chr16:56659107-56659660	0	0	1	0	1	0	1	1	0	1	1	0	1	0	1	1	1	1	0	0	1
chr20:42543097-42545137	1	1	1	1	1	1	1	1	1	1	0	1	1	1	1	1	0	1	1	1	1
chr21:47602431-47602740	0	0	0	0	0	0	1	0	1	0	1	0	0	0	1	0	0	1	0	0	0
