	910781	910691	1240127	907051	924187	908129	908130	1240174	909735
chr7:35292985-35294674	1	0	1	0	0	1	1	0	1
chr4:66535193-66535620	1	0	1	1	0	1	1	1	1
chr10:48438411-48439320	1	1	1	1	0	1	1	1	1
chr17:79818230-79819299	1	1	1	1	1	1	1	1	1
chr19:11689417-11689768	1	1	1	1	1	1	1	1	1
chr20:61636171-61639055	1	1	1	1	0	1	1	1	1
chr2:108602824-108603467	1	0	1	1	0	1	1	1	1
chr14:23834435-23835947	0	1	1	1	1	1	1	1	1
chr10:135043221-135044560	1	1	1	1	1	1	1	1	1
chr14:48143433-48145589	1	1	1	1	1	0	1	1	1
chr1:111505881-111507007	1	1	1	1	0	0	1	1	1
chr13:43566074-43566508	1	1	1	1	0	1	1	1	1
chr7:56183577-56184165	1	1	1	1	0	1	1	1	1
chr20:42543097-42545137	1	1	1	1	1	1	1	1	1
chr3:53032813-53033116	1	1	1	0	0	1	1	0	1
chr5:5139441-5140941	1	1	1	1	1	1	1	1	1
chr10:38645112-38645513	0	0	1	0	0	1	0	0	1
chr19:40871617-40871824	0	1	1	1	1	1	1	1	0
chr8:11058624-11058844	0	1	0	1	0	1	0	0	1
chr6:62995855-62996228	0	0	0	0	0	0	0	0	0
chr11:43902254-43902528	1	1	1	0	0	0	0	0	1
chr22:48970857-48972947	1	1	1	1	0	0	1	1	1
chr12:103889148-103889843	1	1	0	1	0	0	1	1	1
chr17:40274523-40275360	1	1	1	1	1	1	1	1	1
chr5:50678632-50679375	1	1	1	1	1	1	1	1	1
chr10:44879714-44882391	1	1	1	1	0	1	1	1	1
chr2:21022564-21022934	1	1	1	0	0	0	1	1	1
chr10:123922850-123923542	1	1	1	1	1	1	1	1	1
chr1:110230238-110230614	1	0	1	1	1	1	1	1	1
chr1:1476093-1476669	1	1	1	1	1	1	1	1	1
chr1:150266476-150266689	1	0	0	0	0	0	1	1	0
chr11:506353-508009	1	1	1	1	0	1	1	1	1
chr12:106532106-106533696	1	1	1	0	0	1	1	1	1
chr12:39299248-39299629	0	1	1	0	1	0	1	1	1
chr1:248020330-248021252	1	1	1	1	1	1	1	1	1
chr14:24803678-24804353	1	1	1	1	1	1	1	1	1
chr1:53308294-53309262	1	1	1	0	0	0	1	0	1
chr15:45722561-45722939	1	0	1	1	0	0	1	1	1
chr1:60539315-60539540	1	1	1	1	0	1	0	1	1
chr16:3355020-3356012	1	1	1	1	0	1	1	1	0
chr16:56659107-56659660	1	1	1	1	1	1	0	1	1
chr16:57562451-57563325	1	0	1	1	1	1	1	1	1
chr17:43339124-43339832	1	1	1	1	1	1	1	1	1
chr17:44656490-44657494	1	1	1	0	1	1	1	1	0
chr17:66255192-66255556	1	0	1	1	1	1	1	1	1
chr18:32847284-32848130	1	1	1	1	1	1	1	1	1
chr18:77905297-77905566	0	0	0	0	0	0	0	0	0
chr19:15342626-15343181	1	1	1	1	1	1	1	1	1
chr19:21265164-21265433	1	1	0	0	0	0	1	0	0
chr19:22817274-22817546	1	0	0	1	0	1	1	0	0
chr19:44763978-44764312	1	1	1	1	1	1	1	1	1
chr19:48945800-48947636	1	1	0	1	0	1	1	1	1
chr19:58446336-58446800	0	1	1	1	1	1	1	0	0
chr20:41817475-41819212	1	1	1	1	0	0	1	1	1
chr20:61560433-61560954	1	1	1	1	1	1	1	1	1
chr22:24384134-24384405	1	0	1	1	1	1	0	1	1
chr2:74875128-74875562	1	1	1	1	1	1	1	1	1
chr3:10206449-10207024	1	1	0	1	0	1	1	1	1
chr3:10857687-10858447	1	1	1	1	0	1	1	1	1
chr3:238391-240140	1	1	1	1	0	0	1	1	1
chr3:63263989-63264205	0	1	0	1	0	0	0	1	1
chr4:165878036-165878446	1	1	1	1	0	1	1	1	1
chr5:135416204-135416475	0	0	0	0	0	0	0	0	0
chr5:140305712-140307193	1	0	0	0	1	1	1	1	1
chr6:26044203-26044469	1	1	1	1	1	1	1	1	1
chr6:26045644-26046033	1	1	1	1	1	1	1	1	1
chr6:26184036-26184336	1	1	1	1	1	1	1	1	1
chr6:27858166-27858564	1	1	1	1	1	1	1	1	1
chr6:291948-292839	1	1	1	0	1	0	0	1	1
chr6:48036137-48036410	1	1	1	1	1	0	1	1	1
chr6:55443732-55444092	1	1	1	1	0	0	1	1	1
chr7:39649253-39649510	1	1	1	1	1	1	1	1	1
chr7:750788-751237	1	1	1	1	1	1	1	1	1
chr8:11059011-11059242	1	1	0	1	0	0	1	1	1
chr8:67344497-67344989	1	1	1	0	0	1	1	1	1
chr9:104248247-104249501	1	1	1	1	1	1	1	1	1
chr9:35791584-35791924	1	0	1	1	1	1	1	0	1
