	687505	687506	924107	906824	906843	1298134	907068	687514	1240179	949154	930297	1240212	930298	724839
chr6:110679417-110679833	1	1	1	1	0	1	1	1	1	1	1	1	1	1
chr12:50297580-50297988	1	1	0	1	0	1	1	1	1	0	1	1	1	1
chr13:29292670-29293329	1	0	0	1	1	1	1	1	1	1	1	1	1	1
chr19:58144339-58144999	0	0	0	1	1	0	0	0	0	1	0	0	1	0
chr19:52531323-52531724	0	0	0	0	1	0	1	1	0	1	1	1	1	1
chr10:11059442-11060524	0	1	0	1	0	0	0	0	1	0	1	1	1	1
chr6:26184036-26184336	1	0	1	1	0	1	1	1	1	1	1	1	1	1
chr19:57999025-57999613	0	0	0	0	0	0	0	0	0	0	0	0	0	0
chr19:53662189-53662500	1	1	1	1	1	1	1	1	1	1	1	1	0	1
chr22:24384134-24384405	0	0	0	0	1	0	0	0	0	1	1	0	1	0
chr19:11998804-11999131	1	1	1	1	1	1	1	1	1	1	1	1	1	1
chr7:27225050-27225629	1	1	1	1	1	0	1	0	1	1	1	1	1	1
chr5:63461448-63462106	0	1	0	1	0	1	1	0	0	0	1	1	1	1
chr1:214161197-214161415	0	0	0	1	1	1	1	0	0	0	1	1	1	1
chr7:95025559-95026122	1	0	0	1	0	1	0	1	0	1	1	1	0	1
chr22:47022457-47022659	1	1	1	1	0	1	1	1	1	0	1	1	1	1
chr19:37406931-37407463	0	1	1	1	0	1	1	1	1	1	1	1	1	1
chr6:39901852-39902299	0	0	0	1	0	0	1	0	0	1	1	1	1	1
chr19:58125530-58125902	0	0	0	1	1	0	0	0	0	1	0	1	1	1
chr1:110230238-110230614	1	1	0	1	1	1	1	1	1	0	1	1	0	1
chr1:1167001-1168985	0	1	1	0	0	1	1	1	1	0	0	1	0	1
chr14:24803678-24804353	1	1	1	1	0	1	1	1	1	1	1	1	1	1
chr19:12076029-12076366	1	0	1	1	1	1	1	1	1	1	1	1	1	1
chr19:12266998-12267686	1	1	1	1	1	1	1	1	1	1	1	1	1	1
chr19:21265164-21265433	1	0	0	1	1	0	1	0	0	1	0	1	0	1
chr19:53496732-53497028	1	1	1	1	1	1	1	1	1	1	1	1	1	1
chr19:58458686-58459219	0	1	1	1	1	1	1	0	1	1	1	1	0	1
chr3:181430141-181431076	0	1	1	1	1	1	1	1	1	1	1	1	1	1
chr5:140305712-140307193	1	1	1	1	0	1	1	1	1	1	1	0	1	1
chr5:35617855-35618339	0	0	1	1	0	0	1	1	1	1	1	1	1	1
chr7:119912840-119913883	1	1	1	1	1	1	1	1	1	1	1	1	1	1
chr8:61193312-61194195	0	0	1	1	0	0	1	1	0	1	1	1	1	1
