	910700	924108	1240123	1290769	1240124	905961	910569	910689	910554	1789883	907291	905971	1290907	905936	905937	907289	905939	907287	905989	907790	917486	907792	998189	907794	907795	1240173	908442	908482	908458	908457	909263	909698	909718	1659823	1659928	1659929	1660034	1660035	1660036	910905	909740	1674021	909746	909747	909748	909751	909755	909757	909761
chr13:96296143-96297059	1	1	1	1	1	1	1	1	1	0	1	1	0	1	1	0	1	0	1	1	1	1	1	1	1	1	1	0	1	1	1	1	1	0	0	1	1	1	1	1	1	1	1	1	1	1	1	1	1
chr18:14132000-14132482	0	1	0	1	1	1	0	1	1	0	1	0	0	1	1	0	1	0	1	1	1	1	1	1	1	0	1	0	1	0	1	1	0	0	0	0	1	1	0	0	0	1	0	1	1	1	1	1	0
chr5:101632049-101632373	1	1	1	1	1	1	1	1	1	1	1	1	0	1	1	1	1	1	1	1	1	1	1	1	1	1	1	1	1	1	1	1	1	1	0	1	1	1	1	1	1	1	1	1	1	1	1	1	1
chr17:46673532-46674181	1	1	1	1	0	1	1	0	1	1	0	0	0	1	0	1	0	0	1	1	0	0	1	1	0	1	1	0	0	0	0	1	1	0	1	1	0	0	0	0	1	0	0	0	1	0	1	0	0
chr8:67940691-67940997	1	1	1	1	1	1	0	0	0	0	1	1	0	1	1	1	1	1	1	1	0	0	1	1	1	1	0	0	1	0	1	1	1	1	0	1	1	1	1	0	0	1	1	1	1	1	1	1	0
chr19:37957726-37958390	1	1	1	1	1	1	0	1	1	1	1	1	0	1	1	1	1	1	1	1	1	1	1	1	1	1	1	1	1	0	1	1	1	1	0	1	1	1	1	1	1	1	1	1	1	1	1	1	0
chr13:27131568-27132677	1	0	0	1	1	1	0	1	1	0	1	0	0	1	1	0	1	0	1	1	1	1	1	1	1	0	1	0	1	1	0	1	1	1	0	0	1	1	1	1	0	1	1	1	0	1	1	1	1
chr13:28544524-28544890	1	1	0	0	1	1	1	1	1	1	1	1	1	1	0	0	1	1	1	1	0	1	0	1	1	1	1	1	1	1	1	1	1	1	1	1	1	1	1	1	1	1	1	0	1	1	1	0	0
chr6:10415018-10415318	0	0	0	0	0	0	0	0	0	0	0	0	0	0	0	0	0	0	0	0	0	0	0	0	0	0	0	0	0	0	0	0	0	0	0	0	0	0	0	0	0	0	0	0	0	0	0	0	0
chr11:8615397-8615889	1	0	1	1	1	1	1	1	0	1	1	1	1	0	1	1	1	1	0	1	1	0	0	0	1	1	1	0	0	1	1	1	1	0	1	1	1	0	1	0	0	1	1	1	1	1	1	1	1
chr19:58458686-58459219	1	1	1	1	1	1	0	1	1	0	1	1	0	1	1	1	1	0	1	1	1	0	1	1	1	0	0	0	1	0	1	1	1	1	0	0	1	0	1	1	1	1	1	0	1	1	1	0	1
chr19:53073308-53074039	0	1	0	1	1	1	0	1	1	1	1	1	1	1	1	1	1	0	0	0	1	1	1	1	1	1	1	0	0	0	1	1	1	1	0	0	1	0	1	0	0	1	0	1	1	1	0	0	1
chr10:52499392-52500021	1	0	0	1	1	1	1	1	1	0	0	1	0	0	1	1	1	0	1	1	1	1	1	1	1	1	1	0	0	1	1	1	1	0	0	0	1	1	1	0	0	1	1	1	1	1	1	0	0
chr10:102891010-102891794	1	1	1	1	1	1	0	1	1	1	1	1	0	1	1	1	1	1	1	1	1	1	1	1	1	1	1	1	1	1	1	1	1	0	1	1	1	1	1	1	1	1	1	1	1	1	1	1	1
chr8:79428433-79428754	1	0	1	1	1	1	0	1	1	0	1	1	1	1	1	0	1	0	1	1	1	1	0	1	1	0	1	1	1	1	1	1	1	0	0	1	1	1	1	0	1	1	1	0	1	1	1	1	1
chr6:291948-292839	1	1	1	1	0	0	1	1	1	1	1	1	0	1	1	1	1	1	1	0	1	1	1	1	0	0	1	1	0	0	1	1	1	1	1	0	1	1	1	1	0	1	1	1	0	0	1	0	1
chr1:120835961-120839391	1	0	0	1	1	1	1	1	0	1	1	0	0	1	1	0	1	1	0	1	1	0	1	0	0	0	0	0	0	1	1	0	1	1	0	1	1	1	0	0	0	0	0	0	1	1	1	1	1
chr1:143912736-143916156	1	0	0	1	1	1	1	1	1	1	1	1	1	1	1	1	1	1	0	1	1	1	1	1	1	0	1	1	0	1	1	1	1	1	1	1	1	1	1	1	0	1	0	0	1	1	1	1	1
chr1:150266476-150266689	1	0	0	1	1	0	1	1	0	0	0	1	1	0	1	1	0	0	1	1	1	0	0	1	1	1	0	0	0	1	0	0	1	0	0	0	1	1	1	1	0	1	1	0	1	1	1	1	1
chr1:181451311-181452049	1	1	0	1	1	1	0	1	1	0	1	0	0	1	1	1	1	0	1	1	1	1	0	1	0	1	1	0	0	1	1	1	1	0	0	0	0	1	0	0	1	1	1	1	1	1	1	1	0
chr1:248020330-248021252	1	1	0	1	1	1	1	1	1	1	0	1	1	1	1	1	1	1	1	0	0	0	0	1	1	1	0	1	1	0	1	1	1	1	0	1	1	1	0	1	0	1	1	0	1	1	1	1	0
chr14:70345943-70346527	1	0	1	1	1	1	0	1	1	0	1	1	0	1	1	1	1	1	0	1	1	1	0	0	1	0	1	0	0	1	1	1	0	0	0	1	0	1	1	1	0	1	1	1	1	1	1	1	0
chr17:44656490-44657494	1	0	0	1	0	1	1	0	1	0	1	1	0	0	0	1	0	1	1	1	1	1	1	0	1	0	1	1	1	1	1	1	0	1	1	0	0	0	0	0	0	0	0	1	1	1	0	0	0
chr18:5543437-5544241	1	1	1	1	1	1	0	1	1	0	1	0	0	1	1	0	1	1	1	1	0	1	1	1	1	1	1	0	1	0	1	1	1	1	1	1	1	1	1	1	1	1	1	1	1	1	1	1	1
chr19:22018594-22018827	1	1	1	1	1	1	1	1	1	0	1	1	1	1	1	1	1	1	1	1	1	1	1	1	1	0	1	1	1	1	0	1	1	1	1	1	1	1	1	0	1	1	1	0	1	1	1	1	1
chr19:53662189-53662500	1	1	1	1	1	1	1	1	0	1	1	1	1	1	1	1	1	1	1	1	1	1	1	1	1	1	1	1	1	1	1	1	1	0	1	0	1	1	1	1	1	1	1	1	0	1	1	1	1
chr19:57831599-57832250	1	0	1	1	1	0	1	1	0	0	1	1	0	0	0	0	0	0	0	1	1	1	1	1	1	0	0	0	0	1	1	1	1	0	1	1	1	0	1	1	0	0	0	1	1	0	1	1	1
chr19:58011124-58011743	0	1	1	1	0	1	0	1	1	0	1	0	0	1	1	1	0	0	1	0	1	0	0	1	1	0	1	0	1	0	0	1	1	1	0	0	1	0	1	0	0	1	1	0	0	1	1	1	1
chr3:139258152-139258731	1	1	1	1	1	1	1	1	1	1	1	1	0	0	1	1	1	1	1	1	1	0	1	1	1	1	0	1	1	1	1	1	1	0	1	1	1	1	1	0	1	1	0	1	1	1	1	1	0
chr7:27186927-27187692	1	0	1	1	0	0	1	0	1	1	1	1	1	1	1	1	0	0	0	1	1	0	1	0	1	1	1	1	0	0	1	1	0	1	1	1	1	1	0	1	1	0	0	0	0	1	0	1	1
chr8:11058624-11058844	1	0	1	1	1	0	0	1	1	0	1	0	0	1	1	0	0	0	1	1	1	1	1	1	1	1	1	0	1	0	0	0	1	0	1	0	1	0	0	1	0	1	1	0	0	1	1	1	1
chr8:11059011-11059242	1	0	1	1	1	0	0	1	1	0	1	0	0	1	1	0	0	0	1	1	1	1	1	1	1	0	1	0	1	0	0	0	1	1	0	0	1	1	0	1	0	1	1	1	0	1	1	1	1
chr8:61626645-61627074	0	0	0	0	1	0	1	0	0	0	1	0	1	1	0	0	0	0	1	0	0	1	1	0	1	1	1	0	1	1	1	0	0	0	1	1	1	1	0	1	0	1	1	1	1	0	0	0	0
