	910688	753548	906870	907053	905938	907275	907278	907280	1330932	1330942	908141	1330947	908148	1323913	908448	908451	910947	1290455	1330983	1330985	909253	1330991	910545	909715	909771	907300
chr13:25670041-25670531	0	1	1	1	1	1	1	1	1	0	1	1	1	1	1	1	1	1	1	0	1	1	1	1	1	0
chr19:12831793-12832225	0	1	1	1	0	0	0	1	1	1	1	1	0	1	1	1	0	0	1	1	1	1	1	0	1	0
chr21:47602431-47602740	0	1	0	0	1	0	1	0	0	1	1	0	0	1	1	0	0	0	1	1	1	0	1	0	0	0
chr17:46654053-46654369	0	0	1	0	0	1	1	0	1	0	1	0	0	1	1	0	1	0	1	0	1	1	1	0	0	1
chr17:46673532-46674181	1	1	1	1	1	1	1	0	0	1	1	1	1	1	1	1	1	1	1	1	1	1	1	1	1	1
chr1:110230238-110230614	1	1	0	0	1	0	1	1	1	1	1	1	1	1	0	1	0	1	0	1	0	1	1	0	0	0
chr6:291948-292839	0	1	1	0	1	0	1	0	1	1	1	1	1	1	0	1	1	0	1	1	1	1	0	1	1	1
chr7:143582125-143582610	1	1	1	1	1	1	1	1	1	1	1	0	1	1	1	1	1	1	1	1	1	1	1	1	1	1
chr1:248100325-248100726	0	0	0	0	1	0	0	0	0	0	1	0	1	1	1	1	1	1	0	0	0	0	0	1	1	1
chr1:146649622-146649852	1	1	1	1	1	1	1	1	1	1	1	1	1	1	1	1	1	1	1	1	1	1	1	1	1	1
chr12:49782965-49783193	1	0	1	1	0	0	1	0	0	1	1	1	1	0	1	0	0	0	0	0	0	0	1	1	0	0
chr15:45315201-45315543	1	1	1	1	1	0	1	0	0	0	1	1	0	1	1	1	0	1	1	0	1	0	1	1	0	0
chr17:6558221-6558441	0	0	1	0	0	0	0	0	0	1	0	0	1	0	1	1	0	0	1	0	1	1	0	0	1	0
chr18:77905297-77905566	1	1	1	1	1	0	1	1	1	1	1	1	1	1	1	1	0	0	1	1	1	1	1	0	1	1
chr19:21265164-21265433	0	0	0	0	0	0	0	0	0	0	0	0	0	0	0	0	0	0	0	0	0	0	0	0	0	0
chr19:52390841-52391368	0	1	0	0	0	1	1	0	0	0	0	0	0	0	1	1	0	1	0	1	0	0	1	0	0	0
chr21:40760626-40760829	0	0	0	0	0	0	0	0	0	0	0	0	0	0	0	0	0	0	1	0	0	1	0	0	0	1
chr22:20459267-20461473	0	1	1	0	1	0	1	0	0	1	1	1	0	1	1	1	1	1	1	0	1	1	1	1	1	0
chr2:85811340-85811855	0	0	1	1	1	1	1	1	0	1	1	1	1	1	1	1	0	1	1	1	1	0	1	1	1	1
chr5:67584213-67584451	0	1	1	1	1	1	1	1	0	1	1	1	1	1	1	1	0	1	1	1	1	1	0	1	1	1
chr6:31148369-31148577	0	1	0	0	0	1	1	0	1	0	0	0	0	1	0	0	0	0	0	0	0	0	0	0	1	1
chr9:140310894-140312457	0	0	1	1	1	1	0	1	1	1	1	1	1	1	1	0	1	1	0	1	1	0	1	1	1	1
