	946369	946373	906868	906871	907042	1240150	907271	907279	907282	924188	908144	908145	908449	908452	908450	905984	909750
chr13:96204691-96205496	0	0	0	0	0	0	0	0	0	0	0	0	0	0	0	0	0
chr1:153935781-153936276	0	0	0	0	1	0	0	0	0	0	0	0	0	0	0	0	0
chr4:103940668-103940951	0	0	0	0	0	0	0	0	0	0	0	1	0	0	0	0	0
chr9:98783216-98784364	0	0	1	1	1	0	1	0	1	1	0	0	0	0	1	1	0
chr10:38645112-38645513	1	1	1	0	0	0	0	0	0	0	0	0	1	0	0	0	0
chr22:24110029-24110995	0	0	1	0	0	0	0	0	0	0	0	0	1	0	1	1	0
chr1:145472980-145474702	0	0	1	1	1	0	1	0	1	1	1	1	1	1	1	1	1
chr9:86571047-86572027	0	0	1	0	1	1	1	1	1	1	0	1	1	1	1	1	0
chr6:52226753-52228006	0	0	0	0	1	0	1	0	1	1	1	0	0	1	1	1	1
chr19:49315545-49315765	0	0	1	0	1	1	1	1	0	0	1	0	0	0	1	0	0
chr17:40573740-40575526	0	0	0	0	0	0	0	0	0	0	0	0	0	0	0	0	0
chr4:1005930-1006282	0	0	0	0	0	0	0	0	0	0	0	0	0	0	1	0	0
chr7:150065169-150066351	0	0	1	0	0	0	0	1	1	1	0	1	0	0	1	0	0
chr2:219646432-219647181	0	0	1	1	1	0	0	0	1	0	1	0	1	0	1	1	0
chr5:126626053-126626901	0	0	0	0	1	0	0	0	0	0	0	0	0	1	1	0	0
chr16:68002837-68003039	0	0	0	1	1	0	0	0	0	1	0	1	0	0	1	1	0
chr13:36052553-36053119	0	0	0	0	1	0	1	0	1	0	0	0	0	0	0	1	0
chr16:56665945-56666641	0	0	1	1	1	0	1	0	1	1	0	0	0	1	1	1	0
chr11:113185332-113185663	0	0	0	0	0	0	0	0	1	0	0	1	0	1	0	0	0
chr17:38333605-38334795	1	1	1	0	1	0	1	1	1	1	1	1	0	1	1	1	1
chr2:9346383-9347944	0	0	0	1	1	0	0	0	1	1	1	1	0	1	1	1	0
chr9:107509906-107510768	0	0	0	0	0	0	0	0	0	0	0	0	0	0	0	0	0
chr11:67070807-67071801	0	0	0	0	0	0	1	0	0	0	0	0	0	0	1	0	0
chr1:180881316-180882592	0	0	0	1	1	0	0	0	1	0	0	0	0	0	0	0	0
chr16:67464388-67465462	0	0	0	0	1	0	1	0	1	1	0	0	0	1	1	1	0
chr2:96011132-96013197	0	0	0	0	0	0	0	0	0	0	0	0	0	0	1	0	0
chr11:73693702-73694802	0	0	0	0	0	0	1	0	0	0	0	0	1	0	0	1	0
chr11:64509433-64513826	0	0	0	0	1	0	1	0	0	0	0	0	0	0	0	0	0
chr16:88850744-88852274	0	0	0	0	0	0	0	0	0	0	0	0	0	0	0	0	0
chr14:24422770-24423141	0	0	0	0	0	0	0	0	0	0	0	0	0	0	0	0	0
chr17:52977866-52978307	0	0	0	0	1	0	0	0	1	0	0	0	0	1	0	1	0
chr1:10755226-10755521	0	0	1	1	1	0	1	0	1	1	1	1	1	1	1	1	1
chr3:125075915-125076481	0	0	1	1	1	0	1	1	1	1	1	1	0	1	0	1	1
chr20:48098512-48099560	0	0	0	0	0	0	0	0	1	1	0	0	0	0	1	0	0
chr15:64679907-64680233	0	0	0	0	0	1	0	0	0	0	0	0	0	0	0	0	0
chr4:140374442-140375692	0	0	0	0	0	0	0	0	0	0	0	0	0	0	0	0	0
chr10:102756834-102759798	0	0	1	0	1	0	0	0	1	0	0	0	0	0	0	0	0
chr1:2064628-2064855	0	0	0	0	1	0	0	0	1	1	0	0	0	0	1	0	0
chr11:72463092-72463717	0	0	0	0	0	0	1	0	0	0	0	0	0	0	0	0	0
chr22:18923470-18923840	0	0	0	0	0	0	0	0	0	0	0	0	0	0	0	0	0
chr21:47602431-47602740	0	1	1	1	1	1	0	0	0	1	0	0	0	0	1	0	1
chr12:104697348-104697984	1	0	1	1	1	0	0	1	1	1	0	1	0	0	0	1	0
chr4:57371582-57372022	0	0	1	1	1	0	1	0	1	1	1	1	0	0	1	1	0
chr3:49314437-49314815	0	0	1	0	1	0	1	0	1	1	0	1	0	0	1	0	0
chr3:119298284-119298983	0	0	1	1	1	0	0	0	1	1	0	1	0	0	1	1	0
chr10:43891546-43892917	0	0	0	0	0	0	0	0	0	0	0	0	0	0	1	0	0
chr10:94351356-94351615	0	0	1	1	1	0	0	1	1	0	0	0	0	1	1	0	0
chr11:10316232-10316469	0	0	0	0	0	0	0	0	0	0	0	0	0	0	0	0	0
chr1:110880394-110880624	0	0	0	0	0	0	0	0	0	0	0	0	0	0	0	0	0
chr11:122753386-122753951	0	0	0	0	0	0	0	0	0	0	0	0	0	0	0	0	0
chr1:11724113-11724885	0	0	0	0	0	0	0	0	0	0	0	0	0	1	1	0	0
chr11:18415922-18416680	0	0	0	0	0	0	0	0	0	0	0	0	0	0	0	0	0
chr11:18417667-18417925	0	0	0	0	0	0	0	0	0	0	0	0	0	0	0	0	0
chr1:13910137-13910868	0	0	0	0	1	0	0	0	1	0	0	0	0	0	1	1	0
chr11:44087518-44088165	1	0	1	1	0	0	0	0	0	0	1	0	0	0	0	0	0
chr11:46402624-46404139	0	0	1	0	1	0	1	0	0	1	0	0	0	0	1	0	0
chr1:177150814-177151165	0	0	0	0	1	0	0	0	0	0	0	0	0	0	0	0	0
chr12:132690339-132690571	0	1	1	0	1	0	0	0	0	0	0	0	0	0	0	0	0
chr1:218520287-218520506	0	0	0	0	0	0	0	0	1	0	0	0	0	0	0	0	0
chr1:21996161-21996409	0	0	1	1	1	0	1	0	1	1	1	1	1	1	1	1	1
chr1:220921411-220922176	0	0	1	0	1	0	1	0	0	0	0	0	0	0	1	0	0
chr12:52444553-52445421	0	0	0	0	0	0	0	0	0	0	0	0	0	0	0	0	0
chr12:53448008-53448406	1	0	0	0	1	0	1	1	0	1	1	1	0	1	1	1	1
chr13:21634519-21635907	0	0	0	0	0	0	0	0	0	0	0	0	0	0	0	0	0
chr13:28194183-28196249	0	0	0	0	0	0	0	0	0	0	0	0	0	0	0	0	0
chr13:73632860-73634370	0	0	0	0	0	0	0	0	0	0	0	0	0	0	0	0	0
chr14:33402094-33404079	0	0	0	0	0	0	0	0	0	0	0	0	0	0	0	0	0
chr14:61188116-61190772	0	0	1	0	0	1	0	0	0	0	0	1	0	0	1	0	0
chr15:30114110-30115215	1	0	0	0	1	0	1	0	1	0	0	0	0	0	0	0	0
chr15:60690708-60690930	0	0	0	0	0	0	0	0	1	0	0	0	0	0	0	0	0
chr16:4166655-4167012	0	0	0	0	1	0	0	0	1	0	0	0	0	0	0	0	0
chr16:48399730-48400040	0	0	0	0	0	0	0	0	0	0	0	0	0	0	1	0	0
chr16:67183208-67184968	0	0	1	1	1	0	1	0	0	0	0	0	0	1	0	0	0
chr16:67449936-67450472	0	0	0	0	0	0	1	0	0	0	1	0	0	0	0	0	0
chr17:27503598-27504014	0	0	0	0	0	0	0	0	1	0	0	1	0	0	0	1	0
chr17:37856448-37856891	0	0	0	0	0	0	0	0	0	0	0	0	0	0	0	0	0
chr17:44656490-44657494	1	0	0	0	1	0	0	0	0	0	1	1	0	1	1	1	1
chr18:52495604-52496007	0	0	0	0	0	0	0	0	0	0	0	0	0	0	0	0	0
chr18:77905297-77905566	0	0	1	0	1	1	0	0	0	0	0	1	1	0	1	1	1
chr19:12203028-12203503	0	0	0	0	0	0	0	0	0	0	0	0	0	0	0	0	0
chr19:1851578-1852203	1	1	1	1	1	1	1	1	0	1	1	1	1	1	1	1	1
chr19:21265164-21265433	1	0	0	1	1	0	1	0	0	0	1	1	1	1	0	0	1
chr19:41106058-41106415	0	1	1	1	1	1	1	1	1	1	1	1	1	1	1	1	1
chr19:42501261-42501486	0	0	0	0	0	0	0	0	0	1	0	0	0	1	1	0	0
chr19:42720826-42722132	0	0	0	0	0	0	0	0	0	0	0	0	0	0	0	0	0
chr19:44763978-44764312	0	1	0	0	0	1	1	1	1	1	1	1	0	0	1	0	1
chr19:47731377-47731715	0	0	0	0	0	0	0	1	1	0	1	0	0	0	0	0	1
chr19:54371854-54372990	0	0	0	0	0	0	0	0	0	0	0	0	0	0	1	0	0
chr20:10652573-10655611	0	0	0	0	0	0	0	0	0	0	0	0	0	0	0	0	0
chr21:37442140-37442778	0	0	0	1	0	0	0	0	1	1	0	0	0	0	0	0	0
chr2:152954633-152955784	0	0	1	1	1	0	1	0	0	1	1	1	0	0	1	1	0
chr2:162270888-162271413	0	0	1	0	1	0	1	0	1	1	0	1	0	1	0	1	0
chr2:173940414-173941271	0	0	0	0	0	0	1	0	0	1	1	0	0	0	0	0	0
chr2:183731819-183732093	0	1	1	1	1	0	1	0	1	1	1	0	1	1	1	1	0
chr2:190539026-190539533	0	0	1	0	1	0	1	0	0	0	0	0	0	0	0	0	0
chr2:201983198-201983709	0	0	0	1	0	0	0	0	0	0	0	0	0	0	0	0	0
chr2:218621279-218621498	0	0	0	0	0	0	0	0	0	0	0	0	0	0	1	0	0
chr22:24180491-24181666	0	1	0	1	0	0	0	1	0	1	0	0	0	1	1	1	0
chr22:24384134-24384405	1	1	1	1	1	0	1	0	1	1	0	0	0	1	1	1	0
chr22:38453187-38453503	0	0	0	0	0	0	0	0	0	0	0	0	0	0	0	0	0
chr22:46440393-46441019	0	0	1	1	1	0	0	0	0	0	0	1	0	0	0	1	0
chr3:101568107-101569046	0	0	0	0	0	1	0	0	0	0	0	0	0	0	0	0	0
chr3:139258152-139258731	0	0	0	0	1	0	0	0	1	0	0	1	0	1	1	0	0
chr3:187456250-187456580	0	0	1	1	1	0	1	0	1	0	0	1	0	0	0	0	1
chr4:183838036-183839286	0	0	0	0	0	0	0	0	0	0	0	0	0	0	0	0	0
chr5:115912001-115912384	0	1	0	0	1	0	0	0	1	1	0	0	0	0	1	1	0
chr5:178322713-178323538	0	0	1	0	1	1	1	0	1	1	0	0	1	0	1	1	1
chr5:73935725-73937551	0	0	0	0	0	0	0	0	1	0	0	0	0	0	0	0	0
chr6:26188997-26189295	0	0	0	1	0	0	1	0	0	1	0	0	0	1	0	0	1
chr6:291948-292839	0	1	0	0	1	0	1	1	1	1	0	0	1	1	0	1	1
chr6:3157400-3158418	0	0	0	0	0	0	0	0	0	0	0	0	0	0	0	0	0
chr6:3227025-3229688	1	0	1	1	1	0	1	1	1	0	1	1	0	1	1	1	1
chr6:35435810-35437084	0	0	0	0	0	0	0	0	0	0	0	0	0	0	0	0	0
chr7:32996732-32997591	0	0	0	0	1	0	0	0	0	0	0	0	0	0	1	0	0
chr7:99678768-99679702	1	0	1	1	1	0	0	1	0	0	1	1	0	1	1	1	1
chr8:144659745-144660635	1	1	1	1	1	0	1	1	1	1	0	1	1	1	1	1	1
chr9:113017745-113019297	0	0	0	0	0	0	0	0	0	0	0	0	0	0	0	0	0
