	910850	1240147	907057	1298146	907071	1298151	1240157	1240158	1240159	1240160	909719	1240216	909736	1240217	909737	909738	909739
chr18:77201938-77202732	0	1	0	0	0	1	0	0	0	0	1	1	0	1	0	1	0
chr18:77196121-77196568	0	1	0	0	0	1	0	0	0	0	1	1	0	1	0	0	0
chr20:62433937-62434203	1	1	1	0	1	1	0	0	1	1	1	1	0	1	0	1	1
chr5:1594238-1595027	0	0	1	0	1	0	1	1	0	1	0	0	0	1	0	0	1
chr18:77193463-77193764	0	1	1	0	0	1	0	0	1	0	1	1	0	1	0	1	0
chr10:135122851-135123109	1	1	1	0	1	0	1	1	1	1	1	1	0	1	1	1	1
chr10:135123238-135123448	1	1	1	0	1	1	1	1	1	1	1	1	0	1	1	1	1
chr1:110230238-110230614	1	1	1	1	0	1	1	1	1	1	0	1	1	1	1	1	0
chr17:41363727-41364273	0	1	1	1	1	1	1	1	0	1	0	1	0	1	1	1	0
chr17:44656490-44657494	1	1	1	0	1	0	1	1	0	0	1	0	0	0	0	1	0
chr2:216877899-216878352	0	0	0	1	1	0	1	1	0	1	0	0	0	1	1	1	1
chr22:24384134-24384405	0	0	1	1	1	0	1	0	0	0	0	0	0	1	1	1	1
chr22:32026297-32026874	0	0	1	1	1	1	1	1	0	1	0	0	0	1	1	0	0
chr9:21974578-21975306	0	0	1	1	1	0	1	1	1	1	1	0	1	1	1	1	1
