	1331055	910692	910937	1297438	687980	1322212	906808	1297439	753547	687983	687985	907295	1303901	753564	753565	753582	753588	713899	713878	753589	753594	687995	687997	908468	753597	753599	1330964	688001	908469	910899	1298349	688006	1240182	688007	1330972	1240186	688010	688011	1330973	908480	688013	1240189	688014	688015	908481	688018	924241	688021	688022	688023	753605	908483	688025	688026	688027	909194	688031	1240192	1240193	930081	713885	753610	713880	1299062	753551
chr19:21265164-21265433	0	0	0	1	1	0	1	1	1	1	1	0	0	0	1	0	0	1	0	1	1	1	1	0	0	1	1	0	1	0	0	0	1	1	1	1	0	0	0	1	0	0	0	1	0	0	0	0	1	1	0	0	0	0	1	1	0	0	1	1	1	0	0	1	0
chr22:24384134-24384405	0	0	0	0	0	0	0	0	1	0	1	0	1	0	0	1	1	1	1	1	1	0	1	1	0	1	1	0	1	1	1	1	0	1	0	1	1	0	1	0	1	0	0	1	0	1	0	1	0	1	1	1	0	1	0	0	0	0	1	1	1	0	1	1	1
chr17:44656490-44657494	1	1	1	1	1	1	1	1	0	1	1	1	1	1	0	1	1	1	1	0	0	0	0	1	1	1	1	1	0	1	1	1	1	0	1	1	1	0	1	0	0	0	0	1	1	1	1	1	1	1	1	1	0	0	1	0	0	1	1	0	1	1	0	1	1
chr8:67344497-67344989	1	1	1	1	1	1	1	1	1	1	1	1	1	1	1	1	1	1	1	1	1	1	1	1	1	1	1	1	1	1	0	1	1	1	1	1	1	1	1	1	0	1	1	1	1	0	1	1	1	1	0	1	1	1	1	1	1	1	1	1	1	1	1	0	1
chr1:110230238-110230614	1	1	0	1	1	1	1	1	1	0	0	1	1	1	1	1	1	1	1	1	1	1	1	1	1	1	1	1	1	1	1	1	1	1	1	1	1	1	1	1	1	0	1	1	1	0	1	1	1	1	1	1	1	1	1	1	1	1	1	0	1	1	1	1	1
chr14:24803678-24804353	1	1	1	0	1	1	1	1	0	1	1	1	0	0	1	0	1	1	1	1	1	1	1	1	1	0	1	1	1	0	1	1	1	1	0	0	1	1	1	1	1	0	1	1	1	1	1	1	0	1	1	0	1	1	1	1	0	1	0	1	1	1	1	1	1
chr3:99594969-99595215	1	1	0	0	1	0	0	1	1	0	1	0	1	1	1	0	1	1	0	1	1	1	0	1	1	1	1	1	1	1	0	1	0	1	0	1	1	1	0	0	0	1	0	1	1	0	1	1	1	1	0	1	1	1	1	0	1	0	1	1	0	1	1	1	1
chr6:291948-292839	1	1	1	1	0	0	1	0	1	0	1	1	1	1	1	1	0	0	0	0	1	1	1	1	1	1	1	1	0	0	0	0	1	1	1	0	0	1	1	0	1	1	1	1	1	0	0	1	1	1	0	1	0	1	1	1	0	0	1	1	1	1	0	0	0
chr8:144659745-144660635	1	1	0	0	0	1	0	1	0	0	1	1	1	1	0	1	1	0	1	0	1	0	1	1	1	1	0	1	0	1	0	1	1	1	0	1	1	1	0	1	1	1	0	0	1	1	1	1	1	1	0	1	0	1	1	0	0	1	1	1	1	1	1	0	1
chr19:53662189-53662500	1	0	0	0	0	0	0	0	0	0	0	1	0	0	0	0	0	1	0	1	1	0	0	1	0	1	1	0	0	0	0	1	1	0	0	0	0	0	0	0	0	0	0	0	0	0	0	0	0	1	0	0	0	0	0	0	0	0	0	0	1	0	1	1	0
chr19:58458686-58459219	0	0	0	0	0	0	0	0	0	0	0	1	0	0	0	0	0	1	0	0	0	0	0	1	0	1	0	0	0	0	0	0	0	0	0	0	0	0	0	0	0	0	0	0	0	0	0	0	0	0	0	0	0	0	0	0	0	0	0	0	0	0	0	0	0
chr1:181451311-181452049	1	0	1	0	0	1	1	1	0	0	1	0	0	1	1	0	0	1	0	0	0	1	0	1	1	0	1	1	0	1	0	1	0	0	0	0	1	0	0	1	0	0	1	0	1	0	0	0	1	1	0	0	1	0	0	1	1	0	1	1	1	1	0	1	1
chr3:139258152-139258731	0	0	0	0	0	0	0	1	1	0	0	0	0	0	0	1	0	0	1	1	1	1	0	1	1	0	1	0	0	0	0	1	0	1	0	0	0	0	1	0	0	0	0	1	0	0	1	0	0	1	0	0	0	0	0	0	0	0	0	0	0	1	1	1	0
chr8:11058624-11058844	0	0	0	0	0	0	0	0	0	0	1	1	0	0	0	0	0	0	0	0	0	1	0	1	0	0	0	0	0	0	0	0	0	0	0	0	0	0	0	0	0	0	0	0	0	0	0	0	0	1	0	0	0	0	1	0	0	0	0	0	0	0	0	0	0
chr15:30685087-30685891	1	1	1	0	1	1	1	1	1	1	1	1	0	0	1	1	1	1	1	1	1	1	1	1	1	0	1	1	1	1	1	0	1	1	0	0	1	1	1	1	0	1	1	1	1	1	1	1	1	1	0	1	1	0	1	1	0	0	1	1	1	1	1	1	1
chr18:77905297-77905566	1	0	1	0	0	1	0	1	0	0	0	1	1	0	1	0	1	1	0	1	1	1	1	1	1	1	1	1	1	1	0	1	1	0	1	1	0	1	1	1	0	1	1	0	1	1	1	0	1	1	0	1	0	1	0	1	1	0	1	1	0	1	1	1	1
chr16:56659107-56659660	1	0	0	0	1	1	1	1	1	1	1	0	1	0	1	0	1	1	1	0	0	1	1	1	1	1	1	1	1	1	1	1	1	0	1	1	1	0	1	1	0	0	1	1	1	1	1	1	1	1	0	1	0	1	1	1	1	1	1	1	1	1	1	1	0
chr20:42543097-42545137	1	1	0	1	1	1	1	1	1	1	1	1	1	1	1	1	1	1	1	1	1	1	1	1	1	1	1	1	0	1	1	1	1	1	1	0	1	1	1	0	1	1	0	1	1	1	1	0	1	1	1	1	1	1	1	1	0	1	1	0	1	1	1	1	0
chr21:47602431-47602740	0	0	0	1	0	1	0	1	0	0	1	0	0	0	1	0	0	1	0	0	0	1	1	0	0	0	0	1	0	1	0	0	0	1	1	0	0	0	0	0	0	0	1	0	0	1	0	0	1	1	0	1	0	1	1	0	0	0	0	0	0	0	0	0	0
