	910924	906790	1290806	906869	907041	907055	1240151	1322224	1240155	907276	908139	925340	924250	908461	908444	908446	908445	908455	1298357	1298358	1240209	909697	1503364	909770
chr3:194406440-194409045	1	1	1	1	1	1	1	1	1	0	1	1	1	1	1	0	0	0	1	1	1	0	0	1
chr19:37157632-37158119	1	1	1	1	0	1	1	1	1	1	1	0	0	1	1	1	1	0	1	1	0	0	0	0
chr6:29759946-29760903	1	1	0	1	0	1	0	1	1	1	1	1	1	0	1	0	0	1	0	1	0	1	1	1
chr5:175792355-175793505	1	1	0	0	1	1	1	1	1	1	1	1	1	1	1	0	1	1	1	0	0	0	1	1
chr19:51069359-51069600	0	1	0	0	1	1	1	0	1	1	1	1	1	1	1	1	1	0	1	1	1	0	1	1
chr22:20790638-20792665	1	1	0	1	0	0	1	1	1	1	1	1	1	1	1	0	1	1	1	0	1	0	0	1
chr8:41507516-41507868	0	1	0	0	0	1	1	0	0	0	1	1	1	1	0	0	1	0	0	0	0	0	0	0
chr1:110230238-110230614	1	0	1	1	0	1	1	1	1	0	1	1	1	1	0	0	1	1	1	1	1	1	0	1
chr10:105253191-105254428	1	1	0	0	0	1	1	1	0	1	1	1	0	1	1	0	0	1	1	0	0	0	0	1
chr6:90142751-90143635	1	1	0	0	0	1	0	0	0	1	1	0	0	1	1	0	0	0	0	0	0	0	1	1
chr19:18118741-18119553	1	1	1	0	0	1	1	1	1	1	1	1	0	1	1	1	0	1	1	1	0	1	1	0
chr6:105627406-105627830	1	1	0	0	0	1	0	0	1	1	1	1	0	1	1	0	0	1	0	1	0	1	0	1
chr13:27131568-27132677	1	1	0	0	0	0	0	1	1	1	1	0	1	1	0	0	0	1	1	1	0	1	1	1
chr1:16085147-16085862	1	1	0	1	0	1	1	1	1	0	1	1	1	1	1	0	0	0	1	0	1	1	0	1
chr19:58399945-58400276	1	1	1	1	0	1	1	1	1	0	1	1	1	1	1	1	1	0	0	1	1	0	0	0
chr22:39853323-39854065	1	1	0	0	1	0	1	1	1	1	1	1	0	1	1	0	0	1	1	1	0	0	0	1
chr10:64133789-64134420	1	1	0	0	0	0	0	1	1	1	1	1	0	0	1	0	1	0	1	0	0	0	0	1
chr19:58458686-58459219	1	1	1	0	0	1	1	1	1	1	1	0	0	1	1	1	1	0	1	1	0	0	0	1
chr2:68870351-68871055	0	0	0	0	0	0	0	0	0	0	0	0	0	0	0	0	0	0	0	0	0	0	0	0
chr3:36985540-36987041	1	1	1	1	0	1	1	1	1	1	1	1	1	1	1	0	0	1	1	0	1	1	1	1
chr2:175546862-175547880	1	1	0	1	1	0	1	1	1	1	1	1	1	1	1	0	1	1	1	0	1	0	1	1
chr10:11059442-11060524	0	1	1	1	0	1	1	1	0	1	0	1	1	1	1	1	1	0	1	1	0	1	1	1
chr10:44879714-44882391	1	1	0	0	1	1	1	1	1	1	1	1	0	1	1	0	0	0	1	0	0	1	1	1
chr1:171810467-171811325	1	1	0	0	0	1	1	0	1	1	1	1	0	1	1	1	1	1	1	1	0	1	0	1
chr11:75378416-75379882	1	1	0	0	0	0	1	0	1	1	1	1	0	1	1	0	1	1	1	0	0	1	0	1
chr1:181451311-181452049	1	1	0	0	1	1	1	1	1	1	1	1	1	1	1	1	1	1	1	1	1	0	1	1
chr12:39299248-39299629	1	1	1	0	0	1	0	1	1	1	1	1	0	1	1	0	1	0	0	1	0	0	1	1
chr1:57110663-57111337	1	1	0	0	0	0	0	0	1	1	1	0	0	0	1	1	1	0	1	0	0	1	0	1
chr17:46655215-46655604	1	1	0	0	1	1	1	1	0	0	1	1	1	1	1	1	1	1	1	1	1	0	1	1
chr17:66596072-66597578	1	1	0	0	1	1	1	1	0	1	1	1	1	1	1	0	0	1	0	0	0	1	0	1
chr18:10454453-10455268	1	1	0	0	1	0	1	0	0	1	0	0	0	1	1	1	0	0	0	0	0	1	1	1
chr19:37957726-37958390	1	1	1	1	0	1	1	1	1	1	1	1	1	1	1	1	1	0	1	1	0	0	0	1
chr19:56915356-56915856	1	1	0	0	0	0	0	1	1	1	1	1	1	1	1	1	1	1	1	1	0	0	1	1
chr20:47443734-47445181	1	1	0	0	1	1	1	0	0	1	1	0	1	1	1	1	1	1	0	0	1	0	1	1
chr22:24384134-24384405	0	0	0	1	0	1	0	0	0	1	1	1	0	0	1	1	1	0	1	0	1	0	0	0
chr2:29337983-29338909	1	1	1	1	0	1	0	1	1	1	1	1	0	0	1	0	1	1	0	0	1	1	0	1
chr3:139258152-139258731	1	1	0	1	0	1	1	1	1	1	1	1	1	1	1	0	1	0	0	0	1	0	1	1
chr3:56502611-56502815	1	1	0	0	0	0	1	0	1	1	1	1	1	1	1	1	1	1	1	1	0	1	1	1
chr4:6200912-6202724	1	1	0	0	0	1	1	0	1	1	1	1	1	1	1	1	1	1	1	1	0	1	1	1
chr5:157002174-157003182	1	1	0	0	0	0	1	1	1	1	1	1	1	1	1	1	1	0	1	1	0	0	0	1
chr6:291948-292839	1	1	0	1	1	0	1	1	1	1	1	0	1	1	1	1	0	0	1	1	1	1	1	1
chr7:128828333-128829366	1	1	0	0	0	0	1	1	1	1	1	0	0	1	0	0	0	1	1	0	0	1	1	1
chr7:87256958-87258444	1	1	0	0	0	1	0	0	1	1	1	1	1	1	1	1	1	1	1	1	0	0	1	1
chr8:11058624-11058844	1	1	1	1	0	0	1	0	1	0	0	0	1	0	0	1	1	1	0	1	0	0	1	1
