	906795	924102	1290722	924104	906696	906828	910568	906864	924151	1240154	924238	1298167	1240178	930083	930299	1240223
chr16:284478-285395	0	0	0	0	0	0	0	0	0	0	0	0	0	0	0	0
chr9:4984543-4985630	0	1	0	0	1	1	0	1	0	1	1	1	0	0	0	1
chr9:123555399-123555899	0	1	1	1	0	1	1	1	1	0	1	1	1	1	0	1
chr5:43515133-43515349	0	0	0	0	0	0	0	0	0	0	0	0	0	0	0	0
chr4:83933332-83934370	0	0	1	0	0	0	0	0	0	0	0	0	0	1	0	0
chr2:136499145-136500144	1	1	0	0	0	1	1	0	0	0	1	1	1	1	0	0
chr1:156163672-156164052	0	0	0	0	0	0	0	0	0	0	0	0	0	0	0	0
chr7:62858468-62858826	0	0	0	0	0	1	0	0	0	0	0	0	0	0	0	0
chr3:124449178-124449461	0	1	0	1	0	1	0	0	0	0	0	0	0	0	0	0
chr1:110230238-110230614	1	1	1	1	0	1	1	0	1	1	1	1	1	1	1	1
chr11:66247269-66248249	0	0	1	1	0	1	1	1	1	0	1	1	1	0	1	0
chr15:30685087-30685891	1	1	1	1	1	1	1	0	1	1	1	1	1	1	0	1
chr1:53904140-53905247	0	0	0	0	0	0	0	0	0	0	0	0	1	0	0	0
chr17:42836548-42836932	0	0	0	0	0	0	0	0	0	0	0	0	0	0	0	0
chr17:44656490-44657494	0	1	1	1	1	1	1	1	1	1	1	1	1	1	1	1
chr17:76037074-76037323	0	0	0	0	0	0	0	0	0	0	0	0	0	0	0	0
chr18:77905297-77905566	1	0	1	1	1	0	1	1	1	1	0	1	1	1	0	0
chr19:21265164-21265433	0	1	1	1	0	0	0	1	1	0	0	0	0	0	0	1
chr19:48949034-48949442	1	0	1	0	0	1	0	1	0	1	1	0	0	0	0	1
chr22:24384134-24384405	1	1	1	0	0	1	1	1	1	1	0	1	0	1	0	0
chr2:232650898-232651431	0	0	1	1	1	0	0	0	0	0	1	1	1	1	0	1
chr3:56590939-56591223	0	0	0	0	0	0	0	0	0	0	0	0	0	0	0	0
chr4:129208297-129209780	0	0	1	0	0	1	1	1	0	1	0	1	1	1	1	0
chr5:35617855-35618339	0	0	0	0	0	0	0	0	0	0	0	0	0	0	0	0
chr6:150067323-150067766	0	0	1	0	0	0	0	0	0	0	0	0	0	0	0	0
chr6:291948-292839	1	1	1	1	1	1	1	0	0	1	0	1	1	1	0	1
chr7:100136448-100136919	0	0	1	1	1	1	1	1	1	0	1	1	1	0	0	1
chr7:150675206-150675866	0	0	0	0	0	0	0	0	0	0	0	0	0	0	0	0
chr8:116660432-116660747	0	1	1	1	1	1	1	0	1	0	0	1	1	0	0	0
chr9:115875199-115875738	0	1	0	0	0	0	1	0	0	1	0	1	0	0	0	1
